Ethernet II : [1, 2, 6, 17, 31, 34, 46, 49, 61, 64, 76, 79, 91, 94, 106, 109, 121, 124, 136, 139, 151, 154, 166, 169, 181, 184, 196, 199, 211, 214, 226, 229, 241, 244, 256, 259, 271, 274, 286, 289, 301, 304, 316, 319, 331, 334, 346, 349, 361, 364, 376, 379, 391, 394, 406, 409, 421, 424, 436, 439, 451, 454, 466, 469, 481, 484, 496, 499, 511, 514, 526, 529, 541, 544, 556, 559, 602, 603]

RAR (RA-RNTI=11) (RAPID=36 TA=1 Temp C-RNTI=32896)  : [3, 32, 47, 77, 137, 167, 212, 227, 287, 332, 347, 362, 437, 467, 482, 497, 512, 542, 557]

RRC Setup  (Padding 62 bytes)  : [4, 20, 35, 50, 65, 80, 95, 110, 125, 140, 155, 170, 185, 200, 215, 230, 245, 260, 275, 290, 305, 320, 335, 350, 365, 380, 395, 410, 425, 440, 455, 470, 485, 500, 515, 530, 545, 560]

RRC Setup Request : [5, 19, 33, 48, 63, 78, 93, 108, 123, 138, 153, 168, 183, 198, 213, 228, 243, 258, 273, 288, 303, 318, 333, 348, 363, 378, 393, 408, 423, 438, 453, 468, 483, 498, 513, 528, 543, 558]

 [DL] [AM] SRB:1  [CONTROL]  ACK_SN=1       (Padding 116 bytes)  : [7, 21, 37, 52, 66, 82, 96, 111, 126, 141, 156, 171, 187, 201, 217, 232, 247, 261, 277, 292, 307, 322, 337, 352, 367, 382, 396, 411, 427, 441, 457, 472, 487, 501, 516, 531, 547, 561]

RRC Setup Complete, Registration request  [48-bytes]  (Short BSR LCG ID=0 BS=0)   (Padding 60 bytes)  : [8, 22, 36, 51, 67, 81, 97, 112, 127, 142, 157, 172, 186, 202, 216, 231, 246, 262, 276, 291, 306, 321, 336, 351, 366, 381, 397, 412, 426, 442, 456, 471, 486, 502, 517, 532, 546, 562]

UL-SCH (Padding 115 bytes)  : [9, 10, 15, 24, 25, 29, 39, 40, 44, 54, 55, 59, 68, 70, 74, 83, 85, 89, 99, 100, 104, 114, 115, 119, 129, 130, 134, 143, 145, 149, 159, 160, 164, 174, 175, 179, 189, 190, 194, 204, 205, 209, 219, 220, 224, 233, 235, 239, 248, 250, 254, 264, 265, 269, 279, 280, 284, 294, 295, 299, 308, 310, 314, 324, 325, 329, 339, 340, 344, 354, 355, 359, 369, 370, 374, 384, 385, 389, 399, 400, 404, 414, 415, 419, 429, 430, 434, 444, 445, 449, 459, 460, 464, 474, 475, 479, 489, 490, 494, 504, 505, 509, 519, 520, 524, 534, 535, 539, 549, 550, 554, 563, 564, 566, 567, 569, 570, 572, 573, 575, 576, 578, 579, 582, 583, 585, 586, 588, 589, 591, 592, 594, 595, 600]

DL Information Transfer, Authentication request  [51-bytes]  (Padding 66 bytes)  : [11, 23, 38, 53, 69, 84, 98, 113, 128, 144, 158, 173, 188, 203, 218, 234, 249, 263, 278, 293, 309, 323, 338, 353, 368, 383, 398, 413, 428, 443, 458, 473, 488, 503, 518, 533, 548, 596]

UL-SCH (Padding 23 bytes)  : [12, 26, 56, 71, 86, 101, 116, 131, 146, 176, 191, 206, 221, 236, 251, 281, 296, 311, 326, 356, 371, 401, 416, 431, 446, 461, 476, 491, 506, 521, 536, 565, 568, 571, 574, 577, 580, 584, 587, 590, 593, 597]

 [DL] [AM] SRB:1  [CONTROL]  ACK_SN=2       (Padding 116 bytes)  : [13, 27, 42, 57, 72, 87, 102, 117, 132, 147, 162, 177, 192, 207, 223, 238, 253, 268, 283, 298, 313, 328, 343, 357, 373, 387, 403, 418, 432, 447, 462, 477, 492, 507, 523, 538, 552, 599]

 [UL] [AM] SRB:1  [CONTROL]  ACK_SN=1        ||   , UL Information Transfer, Authentication response  [30-bytes]  (Short BSR LCG ID=0 BS=0)   (Padding 72 bytes)  : [14, 28, 58, 73, 88, 103, 118, 133, 148, 178, 193, 208, 222, 237, 252, 282, 297, 312, 327, 358, 372, 402, 417, 433, 448, 463, 478, 493, 508, 522, 537, 598]

DL Information Transfer, Registration reject (Semantically incorrect message)  [13-bytes]   ||   , RRC Release  [9-bytes]  (Padding 90 bytes)  : [16, 30, 45, 60, 75, 90, 105, 120, 135, 150, 165, 180, 195, 210, 225, 240, 255, 270, 285, 300, 315, 330, 345, 360, 375, 390, 405, 420, 435, 450, 465, 480, 495, 510, 525, 540, 555, 601]

RAR (RA-RNTI=15) (RAPID=36 TA=1 Temp C-RNTI=32896)  : [18, 62, 92, 107, 122, 152, 182, 197, 242, 257, 272, 302, 317, 377, 392, 407, 422, 452, 527]

 [UL] [AM] SRB:1  [CONTROL]  ACK_SN=1       (Long BSR)   (Padding 14 bytes)  : [41, 266]

UL Information Transfer, Authentication response  [30-bytes]  (Short BSR LCG ID=0 BS=0)   (Padding 78 bytes)  : [43, 267]

 [UL] [AM] SRB:1  [CONTROL]  ACK_SN=1        ||    [UL] [AM] SRB:1  [DATA]     SN=1               [13-bytes.. : [161, 341, 386, 551]

 [UL] [AM] SRB:1  [DATA] (P) SN=1      SO=13    ..17-bytes]  (Short BSR LCG ID=0 BS=0)   (Padding 89 bytes)  : [163, 342, 388, 553]
 
DL-SCH (TAG=0 TA=31)   (Padding 120 bytes)  : [581]
